0.1,-34.00
0.1,-33.54
0.1,-31.79
0.1,-32.32
0.1,-32.26
0.1,-31.56
0.1,-31.77
0.1,-31.92
0.1,-31.48
0.1,-31.74
0.1,-31.86
0.1,-31.43
0.1,-31.15
0.1,-31.37
0.1,-31.49
0.1,-31.24
0.1,-31.43
0.1,-31.59
0.1,-31.68
0.1,-31.46
0.1,-31.61
0.1,-31.74
0.1,-31.81
0.1,-31.61
0.1,-31.73
0.1,-31.80
0.1,-31.86
0.1,-31.67
0.1,-31.78
0.1,-31.84
0.1,-31.61
0.1,-31.72
0.1,-31.83
0.1,-31.88
0.1,-31.70
0.1,-31.81
0.1,-31.82
0.1,-31.87
0.1,-31.70
0.1,-31.80
0.1,-31.85
0.1,-31.69
0.1,-31.53
0.1,-31.63
0.1,-31.69
0.1,-31.75
0.1,-31.84
0.1,-31.89
0.1,-31.98
0.1,-32.02
0.1,-31.85
0.1,-31.94
0.1,-31.94
0.1,-31.78
0.1,-31.63
0.1,-31.72
0.1,-31.78
0.1,-31.62
0.1,-31.68
0.1,-31.73
0.1,-31.58
0.1,-31.64
0.1,-31.69
0.1,-31.54
0.1,-31.64
0.1,-31.70
0.1,-31.55
0.1,-31.65
0.1,-31.66
0.1,-31.51
0.1,-31.61
0.1,-31.67
0.1,-31.72
0.1,-31.57
0.1,-31.67
0.1,-31.72
0.1,-31.58
0.1,-31.67
0.1,-31.69
0.1,-31.78
0.1,-31.87
0.1,-31.91
0.1,-31.76
0.1,-31.85
0.1,-31.89
0.1,-31.90
0.1,-31.98
0.1,-32.02
0.1,-31.82
0.1,-31.67
0.1,-31.76
0.1,-31.81
0.1,-31.66
0.1,-31.75
0.1,-31.80
0.1,-31.65
0.1,-31.74
0.1,-31.79
0.1,-31.64
0.1,-31.74
0.3,-31.91
0.3,-32.07
0.3,-32.11
0.3,-32.26
0.3,-32.41
0.3,-32.44
0.3,-32.46
0.3,-32.60
0.3,-32.74
0.3,-32.75
0.3,-32.88
0.3,-32.96
0.3,-32.96
0.3,-33.12
0.3,-33.24
0.3,-33.35
0.3,-33.34
0.3,-33.48
0.3,-33.58
0.3,-33.56
0.3,-33.66
0.3,-33.75
0.3,-33.72
0.3,-33.85
0.3,-33.94
0.3,-33.90
0.3,-34.02
0.3,-34.10
0.3,-34.18
0.3,-34.13
0.3,-34.21
0.3,-34.16
0.3,-34.27
0.3,-34.34
0.3,-34.29
0.3,-34.40
0.3,-34.46
0.3,-34.40
0.3,-34.46
0.3,-34.53
0.3,-34.47
0.3,-34.53
0.3,-34.59
0.3,-34.52
0.3,-34.58
0.3,-34.64
0.3,-34.57
0.3,-34.63
0.3,-34.68
0.3,-34.74
0.3,-34.79
0.3,-34.84
0.3,-34.76
0.3,-34.85
0.3,-34.90
0.3,-34.82
0.3,-34.79
0.3,-34.84
0.3,-34.88
0.3,-34.81
0.3,-34.86
0.3,-34.94
0.3,-34.98
0.3,-34.90
0.3,-34.95
0.3,-34.99
0.3,-34.91
0.3,-34.87
0.3,-34.96
0.3,-35.00
0.3,-34.92
0.3,-35.00
0.3,-35.08
0.3,-35.12
0.3,-35.08
0.3,-35.15
0.3,-35.19
0.3,-35.22
0.3,-35.13
0.3,-35.17
0.3,-35.08
0.3,-35.16
0.3,-35.19
0.3,-35.10
0.3,-35.18
0.3,-35.25
0.3,-35.28
0.3,-35.19
0.3,-35.22
0.3,-35.17
0.3,-35.09
0.3,-35.12
0.3,-35.16
0.3,-35.11
0.3,-35.19
0.3,-35.22
0.3,-35.13
0.3,-35.17
0.3,-35.16
0.3,-35.19
0.5,-35.26
0.5,-35.37
0.5,-35.40
0.5,-35.46
0.5,-35.48
0.5,-35.46
0.5,-35.53
0.5,-35.59
0.5,-35.60
0.5,-35.66
0.5,-35.79
0.5,-35.84
0.5,-35.85
0.5,-35.89
0.5,-35.94
0.5,-35.98
0.5,-35.98
0.5,-36.02
0.5,-36.14
0.5,-36.18
0.5,-35.64
0.5,-36.70
0.5,-37.01
0.5,-36.82
0.5,-36.85
0.5,-36.87
0.5,-36.76
0.5,-36.79
0.5,-36.91
0.5,-36.92
0.5,-36.84
0.5,-36.85
0.5,-36.86
0.5,-36.87
0.5,-36.81
0.5,-36.82
0.5,-36.90
0.5,-36.84
0.5,-36.85
0.5,-36.92
0.5,-36.87
0.5,-36.88
0.5,-36.88
0.5,-36.89
0.5,-36.84
0.5,-36.85
0.5,-36.86
0.5,-36.91
0.5,-36.87
0.5,-36.88
0.5,-36.79
0.5,-36.75
0.5,-36.76
0.5,-36.77
0.5,-36.78
0.5,-36.79
0.5,-36.80
0.5,-36.77
0.5,-36.78
0.5,-36.79
0.5,-36.75
0.5,-36.76
0.5,-36.77
0.5,-36.87
0.5,-36.92
0.5,-36.88
0.5,-36.92
0.5,-36.93
0.5,-36.85
0.5,-36.90
0.5,-36.86
0.5,-36.99
0.5,-36.99
0.5,-36.95
0.5,-36.95
0.5,-36.95
0.5,-36.91
0.5,-36.92
0.5,-37.00
0.5,-37.04
0.5,-37.00
0.5,-37.00
0.5,-37.00
0.5,-36.92
0.5,-36.88
0.5,-36.97
0.5,-36.97
0.5,-36.93
0.5,-36.93
0.5,-36.93
0.5,-36.86
0.5,-36.86
0.5,-36.87
0.5,-36.91
0.5,-36.88
0.5,-36.88
0.5,-36.81
0.5,-36.77
0.5,-36.78
0.5,-36.83
0.7,-36.92
0.7,-37.00
0.7,-37.08
0.7,-37.20
0.7,-37.31
0.7,-37.38
0.7,-37.48
0.7,-37.54
0.7,-37.72
0.7,-37.73
0.7,-37.78
0.7,-37.91
0.7,-38.04
0.7,-38.03
0.7,-38.11
0.7,-38.27
0.7,-38.30
0.7,-38.33
0.7,-38.35
0.7,-38.46
0.7,-38.48
0.7,-38.54
0.7,-38.64
0.7,-38.65
0.7,-38.71
0.7,-38.76
0.7,-38.85
0.7,-38.81
0.7,-38.86
0.7,-38.95
0.7,-38.95
0.7,-38.99
0.7,-39.07
0.7,-39.03
0.7,-39.03
0.7,-39.07
0.7,-39.06
0.7,-39.10
0.7,-39.14
0.7,-39.21
0.7,-39.16
0.7,-39.20
0.7,-39.27
0.7,-39.34
0.7,-39.32
0.7,-39.35
0.7,-39.42
0.7,-39.36
0.7,-39.31
0.7,-39.33
0.7,-39.44
0.7,-39.42
0.7,-39.45
0.7,-39.51
0.7,-39.49
0.7,-39.47
0.7,-39.53
0.7,-39.51
0.7,-39.49
0.7,-39.47
0.7,-39.53
0.7,-39.51
0.7,-39.49
0.7,-39.55
0.7,-39.53
0.7,-39.55
0.7,-39.60
0.7,-39.58
0.7,-39.56
0.7,-39.57
0.7,-39.63
0.7,-39.57
0.7,-39.58
0.7,-39.64
0.7,-39.61
0.7,-39.59
0.7,-39.65
0.7,-39.70
0.7,-39.63
0.7,-39.65
0.7,-39.70
0.7,-39.67
0.7,-39.65
0.7,-39.66
0.7,-39.71
0.7,-39.69
0.7,-39.70
0.7,-39.71
0.7,-39.76
0.7,-39.69
0.7,-39.70
0.7,-39.76
0.7,-39.80
0.7,-39.77
0.7,-39.78
0.7,-39.83
0.7,-39.80
0.7,-39.81
0.7,-39.77
0.7,-39.82
0.9,-39.99
0.9,-45.16
0.9,-43.71
0.9,-44.12
0.9,-44.33
0.9,-44.65
0.9,-44.38
0.9,-44.33
0.9,-44.54
0.9,-45.72
0.9,-44.47
0.9,-44.64
0.9,-44.97
0.9,-45.17
0.9,-44.81
0.9,-44.70
0.9,-44.86
0.9,-44.65
0.9,-44.48
0.9,-44.62
0.9,-44.75
0.9,-44.60
0.9,-44.63
0.9,-44.66
0.9,-44.75
0.9,-44.64
0.9,-44.72
0.9,-44.86
0.9,-44.75
0.9,-44.77
0.9,-44.61
0.9,-44.52
0.9,-44.55
0.9,-44.62
0.9,-44.54
0.9,-44.57
0.9,-44.59
0.9,-44.65
0.9,-44.58
0.9,-44.60
0.9,-44.66
0.9,-44.72
0.9,-44.64
0.9,-44.71
0.9,-44.67
0.9,-44.60
0.9,-44.66
0.9,-44.55
0.9,-44.52
0.9,-44.46
0.9,-44.52
0.9,-44.46
0.9,-44.48
0.9,-44.54
0.9,-44.61
0.9,-44.54
0.9,-44.47
0.9,-44.54
0.9,-44.60
0.9,-44.49
0.9,-44.47
0.9,-44.53
0.9,-44.47
0.9,-44.53
0.9,-44.47
0.9,-44.53
0.9,-44.59
0.9,-44.53
0.9,-44.55
0.9,-44.61
0.9,-44.54
0.9,-44.56
0.9,-44.62
0.9,-44.55
0.9,-44.57
0.9,-44.63
0.9,-44.68
0.9,-44.62
0.9,-44.59
0.9,-44.53
0.9,-44.51
0.9,-44.57
0.9,-44.50
0.9,-44.52
0.9,-44.58
0.9,-44.52
0.9,-44.50
0.9,-44.56
0.9,-44.62
0.9,-44.55
0.9,-44.53
0.9,-44.59
0.9,-44.52
0.9,-44.46
0.9,-44.48
0.9,-44.55
0.9,-44.48
0.9,-44.50
0.9,-44.60
0.9,-44.54
1.1,-44.84
1.1,-45.12
1.1,-45.28
1.1,-45.55
1.1,-51.30
1.1,-50.24
1.1,-49.85
1.1,-50.37
1.1,-50.69
1.1,-50.41
1.1,-52.66
1.1,-52.82
1.1,-51.61
1.1,-51.71
1.1,-51.76
1.1,-51.97
1.1,-51.69
1.1,-51.73
1.1,-51.76
1.1,-51.47
1.1,-51.62
1.1,-51.65
1.1,-51.43
1.1,-51.48
1.1,-51.52
1.1,-51.34
1.1,-51.38
1.1,-51.42
1.1,-51.34
1.1,-51.38
1.1,-51.41
1.1,-51.28
1.1,-51.26
1.1,-51.30
1.1,-51.18
1.1,-51.07
1.1,-51.12
1.1,-51.16
1.1,-51.06
1.1,-51.15
1.1,-51.19
1.1,-51.09
1.1,-51.08
1.1,-51.12
1.1,-51.16
1.1,-51.07
1.1,-51.11
1.1,-51.15
1.1,-51.05
1.1,-50.97
1.1,-51.01
1.1,-51.05
1.1,-50.97
1.1,-50.88
1.1,-50.93
1.1,-51.02
1.1,-50.93
1.1,-50.98
1.1,-51.02
1.1,-51.10
1.1,-51.01
1.1,-51.05
1.1,-51.09
1.1,-51.17
1.1,-51.08
1.1,-51.12
1.1,-51.16
1.1,-51.11
1.1,-51.10
1.1,-51.14
1.1,-51.09
1.1,-51.17
1.1,-51.21
1.1,-51.24
1.1,-51.15
1.1,-51.18
1.1,-51.25
1.1,-51.16
1.1,-51.20
1.1,-51.23
1.1,-51.26
1.1,-51.25
1.1,-51.28
1.1,-51.19
1.1,-51.26
1.1,-51.29
1.1,-51.20
1.1,-51.15
1.1,-51.19
1.1,-51.22
1.1,-51.13
1.1,-51.16
1.1,-51.24
1.1,-51.31
1.1,-51.22
1.1,-51.25
1.1,-51.32
1.1,-51.22
1.1,-51.14
1.1,-51.17
1.3,-51.16
1.3,-51.08
1.3,-50.99
1.3,-50.95
1.3,-50.92
1.3,-50.84
1.3,-50.81
1.3,-50.77
1.3,-50.70
1.3,-50.67
1.3,-50.69
1.3,-50.58
1.3,-50.56
1.3,-50.57
1.3,-50.51
1.3,-50.45
1.3,-50.43
1.3,-50.38
1.3,-50.36
1.3,-50.39
1.3,-50.33
1.3,-50.32
1.3,-50.27
1.3,-50.21
1.3,-50.21
1.3,-50.24
1.3,-50.19
1.3,-50.18
1.3,-50.17
1.3,-50.17
1.3,-50.16
1.3,-50.15
1.3,-50.19
1.3,-50.18
1.3,-50.21
1.3,-50.24
1.3,-50.19
1.3,-50.19
1.3,-50.22
1.3,-50.17
1.3,-50.12
1.3,-50.12
1.3,-50.15
1.3,-50.15
1.3,-50.14
1.3,-50.18
1.3,-50.05
1.3,-50.05
1.3,-50.09
1.3,-50.00
1.3,-49.88
1.3,-49.89
1.3,-49.89
1.3,-49.86
1.3,-49.86
1.3,-49.83
1.3,-49.79
1.3,-49.84
1.3,-49.81
1.3,-49.82
1.3,-49.86
1.3,-49.87
1.3,-49.83
1.3,-49.84
1.3,-49.89
1.3,-49.85
1.3,-49.82
1.3,-49.83
1.3,-49.79
1.3,-49.80
1.3,-49.69
1.3,-49.70
1.3,-49.71
1.3,-49.76
1.3,-49.65
1.3,-49.67
1.3,-49.72
1.3,-49.65
1.3,-49.63
1.3,-49.64
1.3,-49.66
1.3,-49.55
1.3,-49.57
1.3,-49.62
1.3,-49.60
1.3,-49.62
1.3,-49.67
1.3,-49.56
1.3,-49.58
1.3,-49.60
1.3,-49.57
1.3,-49.59
1.3,-49.61
1.3,-49.66
1.3,-49.64
1.3,-49.61
1.3,-49.63
1.3,-49.60
1.3,-49.62
1.3,-49.63
1.5,-49.89
1.5,-50.45
1.5,-50.67
1.5,-50.89
1.5,-51.37
1.5,-49.81
1.5,-52.65
1.5,-55.92
1.5,-57.62
1.5,-50.31
1.5,-52.92
1.5,-56.10
1.5,-54.39
1.5,-53.34
1.5,-53.78
1.5,-55.09
1.5,-54.32
1.5,-54.40
1.5,-54.57
1.5,-62.55
1.5,-62.76
1.5,-64.09
1.5,-60.46
1.5,-60.57
1.5,-51.27
1.5,-50.23
1.5,-52.05
1.5,-54.93
1.5,-53.77
1.5,-52.99
1.5,-53.41
1.5,-62.62
1.5,-56.37
1.5,-55.94
1.5,-55.71
1.5,-57.13
1.5,-55.80
1.5,-55.83
1.5,-56.73
1.5,-57.55
1.5,-56.88
1.5,-56.79
1.5,-57.25
1.5,-57.72
1.5,-50.41
1.5,-52.97
1.5,-51.72
1.5,-52.51
1.5,-54.95
1.5,-53.97
1.5,-54.26
1.5,-54.48
1.5,-55.44
1.5,-54.88
1.5,-55.82
1.5,-53.15
1.5,-51.84
1.5,-52.84
1.5,-54.82
1.5,-53.87
1.5,-53.31
1.5,-53.65
1.5,-54.82
1.5,-54.22
1.5,-54.39
1.5,-54.97
1.5,-54.48
1.5,-54.60
1.5,-55.22
1.5,-55.69
1.5,-55.24
1.5,-55.29
1.5,-55.83
1.5,-55.42
1.5,-55.45
1.5,-55.88
1.5,-55.50
1.5,-55.53
1.5,-55.55
1.5,-55.93
1.5,-55.59
1.5,-55.61
1.5,-56.01
1.5,-56.34
1.5,-56.00
1.5,-56.00
1.5,-56.37
1.5,-56.03
1.5,-55.72
1.5,-55.73
1.5,-56.09
1.5,-55.78
1.5,-55.79
1.5,-55.80
1.5,-56.15
1.5,-56.45
1.5,-56.17
1.5,-56.16
1.5,-56.45
1.5,-56.14
1.7,-55.97
1.7,-56.05
1.7,-56.42
1.7,-56.24
1.7,-56.02
1.7,-56.11
1.7,-56.47
1.7,-56.29
1.7,-56.36
1.7,-56.46
1.7,-56.85
1.7,-52.98
1.7,-55.74
1.7,-58.66
1.7,-60.43
1.7,-58.78
1.7,-58.98
1.7,-60.13
1.7,-59.10
1.7,-58.19
1.7,-58.17
1.7,-58.91
1.7,-58.92
1.7,-58.92
1.7,-59.47
1.7,-58.92
1.7,-58.79
1.7,-59.20
1.7,-59.57
1.7,-59.11
1.7,-58.98
1.7,-59.33
1.7,-58.92
1.7,-58.49
1.7,-58.46
1.7,-58.80
1.7,-58.81
1.7,-58.77
1.7,-59.08
1.7,-58.74
1.7,-58.65
1.7,-59.00
1.7,-59.32
1.7,-58.99
1.7,-59.26
1.7,-58.93
1.7,-58.63
1.7,-58.60
1.7,-58.92
1.7,-58.62
1.7,-58.64
1.7,-58.57
1.7,-58.84
1.7,-58.55
1.7,-58.49
1.7,-58.80
1.7,-59.06
1.7,-58.77
1.7,-58.78
1.7,-59.08
1.7,-58.78
1.7,-58.75
1.7,-58.68
1.7,-58.98
1.7,-58.65
1.7,-58.58
1.7,-58.89
1.7,-59.14
1.7,-58.85
1.7,-58.81
1.7,-59.10
1.7,-58.82
1.7,-58.78
1.7,-59.03
1.7,-58.75
1.7,-58.48
1.7,-58.50
1.7,-58.76
1.7,-58.49
1.7,-58.43
1.7,-58.45
1.7,-58.75
1.7,-58.48
1.7,-58.46
1.7,-58.77
1.7,-59.02
1.7,-58.74
1.7,-58.75
1.7,-59.00
1.7,-58.68
1.7,-58.41
1.7,-58.35
1.7,-58.66
1.7,-58.39
1.7,-58.38
1.7,-58.36
1.7,-58.67
1.7,-58.68
1.7,-58.97
1.7,-58.65
1.9,-58.43
1.9,-58.17
1.9,-57.80
1.9,-57.57
1.9,-57.39
1.9,-57.09
1.9,-49.93
1.9,-50.42
1.9,-50.92
1.9,-49.34
1.9,-50.56
1.9,-51.01
1.9,-51.49
1.9,-51.79
1.9,-51.33
1.9,-51.14
1.9,-51.25
1.9,-50.99
1.9,-51.10
1.9,-51.28
1.9,-51.08
1.9,-51.15
1.9,-51.30
1.9,-51.35
1.9,-51.18
1.9,-51.24
1.9,-51.16
1.9,-51.03
1.9,-51.08
1.9,-51.19
1.9,-51.07
1.9,-51.12
1.9,-51.17
1.9,-51.26
1.9,-51.20
1.9,-51.19
1.9,-51.28
1.9,-51.17
1.9,-51.21
1.9,-51.10
1.9,-51.10
1.9,-51.14
1.9,-51.18
1.9,-51.17
1.9,-51.21
1.9,-51.24
1.9,-51.28
1.9,-51.22
1.9,-51.21
1.9,-51.29
1.9,-51.23
1.9,-51.18
1.9,-51.17
1.9,-51.21
1.9,-51.16
1.9,-51.19
1.9,-51.27
1.9,-51.17
1.9,-51.21
1.9,-51.28
1.9,-51.35
1.9,-51.30
1.9,-51.37
1.9,-51.27
1.9,-51.18
1.9,-51.21
1.9,-51.24
1.9,-51.15
1.9,-51.19
1.9,-51.18
1.9,-51.25
1.9,-51.16
1.9,-51.20
1.9,-51.27
1.9,-51.34
1.9,-51.36
1.9,-51.39
1.9,-51.29
1.9,-51.20
1.9,-51.23
1.9,-51.30
1.9,-51.21
1.9,-51.24
1.9,-51.27
1.9,-51.34
1.9,-51.37
1.9,-51.44
1.9,-52.38
1.9,-52.32
1.9,-52.31
1.9,-52.18
1.9,-52.09
1.9,-52.05
1.9,-52.09
1.9,-51.96
1.9,-51.96
1.9,-51.97
1.9,-51.89
1.9,-51.85
1.9,-51.90
2.1,-52.10
2.1,-52.34
2.1,-52.52
2.1,-52.70
2.1,-52.91
2.1,-56.62
2.1,-56.79
2.1,-56.54
2.1,-56.41
2.1,-56.53
2.1,-56.44
2.1,-56.52
2.1,-56.58
2.1,-56.51
2.1,-56.56
2.1,-56.70
2.1,-56.73
2.1,-56.67
2.1,-56.62
2.1,-56.72
2.1,-56.67
2.1,-56.69
2.1,-56.84
2.1,-56.79
2.1,-56.80
2.1,-56.81
2.1,-56.76
2.1,-56.72
2.1,-56.74
2.1,-56.75
2.1,-56.71
2.1,-56.68
2.1,-56.69
2.1,-56.71
2.1,-56.72
2.1,-56.69
2.1,-56.80
2.1,-56.94
2.1,-56.90
2.1,-56.90
2.1,-57.00
2.1,-56.95
2.1,-56.91
2.1,-56.87
2.1,-56.92
2.1,-56.88
2.1,-56.89
2.1,-56.89
2.1,-56.90
2.1,-56.90
2.1,-56.90
2.1,-56.87
2.1,-56.87
2.1,-56.92
2.1,-56.88
2.1,-56.84
2.1,-56.89
2.1,-56.90
2.1,-56.90
2.1,-56.90
2.1,-56.91
2.1,-56.91
2.1,-56.92
2.1,-56.92
2.1,-56.92
2.1,-57.01
2.1,-57.05
2.1,-57.04
2.1,-57.00
2.1,-57.00
2.1,-56.96
2.1,-56.92
2.1,-56.93
2.1,-57.01
2.1,-57.01
2.1,-57.01
2.1,-57.05
2.1,-57.09
2.1,-57.08
2.1,-57.08
2.1,-57.08
2.1,-57.07
2.1,-57.07
2.1,-57.03
2.1,-56.99
2.1,-57.03
2.1,-57.03
2.1,-56.99
2.1,-56.95
2.1,-56.99
2.1,-56.95
2.1,-56.91
2.1,-56.99
2.1,-56.99
2.1,-56.99
2.1,-57.07
2.1,-57.11
2.1,-57.11
2.1,-57.06
2.1,-57.02
2.3,-57.10
2.3,-57.58
2.3,-59.80
2.3,-59.89
2.3,-59.93
2.3,-61.15
2.3,-60.73
2.3,-60.61
2.3,-60.52
2.3,-61.34
2.3,-57.75
2.3,-59.70
2.3,-63.90
2.3,-64.88
2.3,-63.54
2.3,-63.12
2.3,-63.82
2.3,-64.47
2.3,-63.74
2.3,-63.46
2.3,-62.94
2.3,-62.68
2.3,-63.12
2.3,-62.72
2.3,-62.52
2.3,-62.35
2.3,-62.79
2.3,-62.48
2.3,-62.39
2.3,-62.84
2.3,-63.14
2.3,-62.97
2.3,-63.19
2.3,-62.91
2.3,-62.71
2.3,-62.57
2.3,-62.89
2.3,-62.65
2.3,-62.57
2.3,-62.88
2.3,-62.69
2.3,-62.94
2.3,-62.76
2.3,-62.59
2.3,-62.83
2.3,-63.06
2.3,-62.88
2.3,-62.80
2.3,-62.64
2.3,-62.56
2.3,-62.84
2.3,-62.72
2.3,-62.65
2.3,-62.49
2.3,-62.68
2.3,-62.53
2.3,-62.38
2.3,-62.28
2.3,-62.52
2.3,-62.41
2.3,-62.32
2.3,-62.14
2.3,-62.09
2.3,-62.05
2.3,-61.88
2.3,-61.72
2.3,-61.69
2.3,-62.60
2.3,-62.45
2.3,-62.27
2.3,-62.18
2.3,-62.01
2.3,-61.97
2.3,-62.17
2.3,-62.09
2.3,-62.00
2.3,-62.20
2.3,-62.07
2.3,-62.03
2.3,-62.27
2.3,-62.14
2.3,-62.01
2.3,-62.29
2.3,-62.12
2.3,-62.04
2.3,-62.00
2.3,-61.88
2.3,-61.84
2.3,-62.13
2.3,-61.96
2.3,-61.92
2.3,-62.09
2.3,-61.92
2.3,-61.89
2.3,-62.13
2.3,-61.97
2.3,-61.93
2.3,-62.17
2.3,-62.04
2.3,-62.00
2.5,-61.64
2.5,-61.78
2.5,-62.06
2.5,-61.70
2.5,-61.95
2.5,-61.60
2.5,-61.21
2.5,-61.40
2.5,-61.67
2.5,-61.28
2.5,-61.47
2.5,-61.61
2.5,-61.91
2.5,-61.51
2.5,-61.69
2.5,-61.98
2.5,-62.22
2.5,-61.81
2.5,-62.02
2.5,-62.30
2.5,-61.89
2.5,-61.49
2.5,-61.79
2.5,-61.44
2.5,-61.58
2.5,-61.72
2.5,-62.01
2.5,-61.65
2.5,-61.82
2.5,-62.11
2.5,-62.43
2.5,-62.01
2.5,-62.13
2.5,-61.76
2.5,-61.93
2.5,-62.22
2.5,-61.81
2.5,-61.94
2.5,-62.06
2.5,-62.34
2.5,-61.92
2.5,-62.09
2.5,-62.36
2.5,-61.99
2.5,-62.15
2.5,-62.42
2.5,-62.05
2.5,-62.12
2.5,-62.28
2.5,-62.55
2.5,-62.64
2.5,-62.90
2.5,-63.14
2.5,-62.74
2.5,-62.75
2.5,-63.00
2.5,-62.60
2.5,-62.73
2.5,-62.90
2.5,-62.51
2.5,-62.13
2.5,-62.28
2.5,-62.55
2.5,-62.69
2.5,-62.78
2.5,-64.51
2.5,-65.21
2.5,-66.95
2.5,-67.60
2.5,-64.08
2.5,-64.46
2.5,-65.20
2.5,-54.71
2.5,-53.92
2.5,-58.68
2.5,-57.31
2.5,-66.21
2.5,-65.65
2.5,-66.71
2.5,-63.41
2.5,-63.91
2.5,-64.75
2.5,-65.36
2.5,-63.80
2.5,-64.05
2.5,-64.56
2.5,-63.46
2.5,-63.69
2.5,-64.12
2.5,-63.26
2.5,-62.51
2.5,-62.96
2.5,-62.23
2.5,-62.41
2.5,-62.81
2.5,-62.23
2.5,-62.45
2.5,-62.81
2.5,-63.15
2.5,-62.67
2.7,-63.41
2.7,-62.93
2.7,-62.83
2.7,-62.70
2.7,-63.39
2.7,-62.99
2.7,-62.89
2.7,-62.81
2.7,-63.36
2.7,-62.94
2.7,-62.85
2.7,-62.50
2.7,-62.17
2.7,-62.12
2.7,-61.77
2.7,-61.74
2.7,-61.70
2.7,-62.31
2.7,-62.00
2.7,-62.60
2.7,-63.16
2.7,-62.78
2.7,-62.66
2.7,-63.34
2.7,-56.56
2.7,-55.38
2.7,-56.84
2.7,-61.93
2.7,-60.97
2.7,-60.81
2.7,-60.70
2.7,-78.05
2.7,-67.01
2.7,-65.11
2.7,-68.70
2.7,-71.10
2.7,-56.02
2.7,-59.68
2.7,-57.89
2.7,-58.64
2.7,-61.83
2.7,-60.71
2.7,-61.44
2.7,-61.24
2.7,-65.58
2.7,-62.79
2.7,-62.44
2.7,-64.51
2.7,-66.00
2.7,-64.62
2.7,-64.09
2.7,-65.22
2.7,-64.82
2.7,-65.71
2.7,-64.75
2.7,-64.00
2.7,-63.78
2.7,-64.63
2.7,-63.99
2.7,-63.80
2.7,-64.55
2.7,-64.04
2.7,-63.86
2.7,-64.60
2.7,-65.22
2.7,-64.68
2.7,-64.49
2.7,-65.12
2.7,-64.57
2.7,-64.05
2.7,-63.90
2.7,-63.43
2.7,-63.32
2.7,-63.90
2.7,-63.50
2.7,-60.97
2.7,-67.41
2.7,-63.18
2.7,-60.97
2.7,-60.98
2.7,-63.28
2.7,-62.10
2.7,-61.08
2.7,-61.07
2.7,-62.61
2.7,-61.79
2.7,-62.96
2.7,-64.03
2.7,-61.47
2.7,-67.68
2.7,-63.37
2.7,-61.11
2.7,-61.09
2.7,-63.21
2.7,-61.90
2.7,-61.79
2.7,-61.70
2.7,-63.07
2.7,-62.87
2.7,-64.11
2.9,-63.61
2.9,-64.03
2.9,-63.95
2.9,-63.89
2.9,-63.43
2.9,-63.78
2.9,-63.74
2.9,-63.34
2.9,-63.03
2.9,-63.31
2.9,-63.29
2.9,-63.01
2.9,-63.01
2.9,-62.70
2.9,-62.87
2.9,-62.82
2.9,-62.59
2.9,-67.78
2.9,-65.12
2.9,-66.35
2.9,-65.30
2.9,-66.02
2.9,-66.51
2.9,-63.20
2.9,-60.35
2.9,-63.08
2.9,-62.82
2.9,-62.86
2.9,-61.89
2.9,-62.76
2.9,-62.79
2.9,-62.14
2.9,-62.74
2.9,-62.77
2.9,-63.31
2.9,-63.78
2.9,-63.64
2.9,-63.16
2.9,-63.15
2.9,-63.14
2.9,-62.74
2.9,-62.76
2.9,-62.42
2.9,-62.11
2.9,-62.49
2.9,-62.57
2.9,-58.49
2.9,-62.86
2.9,-64.79
2.9,-64.60
2.9,-63.31
2.9,-64.08
2.9,-64.07
2.9,-64.06
2.9,-59.86
2.9,-64.97
2.9,-64.67
2.9,-63.30
2.9,-64.80
2.9,-64.67
2.9,-63.86
2.9,-64.76
2.9,-65.47
2.9,-65.32
2.9,-64.62
2.9,-64.57
2.9,-64.44
2.9,-64.02
2.9,-64.68
2.9,-64.70
2.9,-64.99
2.9,-64.86
2.9,-64.50
2.9,-64.83
2.9,-64.78
2.9,-64.73
2.9,-64.42
2.9,-64.72
2.9,-64.73
2.9,-64.44
2.9,-64.17
2.9,-64.16
2.9,-63.96
2.9,-63.72
2.9,-63.69
2.9,-63.52
2.9,-63.82
2.9,-63.82
2.9,-63.79
2.9,-63.57
2.9,-63.86
2.9,-63.86
2.9,-63.65
2.9,-63.88
2.9,-63.85
2.9,-63.64
2.9,-63.87
2.9,-63.66
2.9,-63.93
2.9,-63.89
3.1,-63.85
3.1,-64.23
3.1,-64.35
3.1,-64.33
3.1,-64.73
3.1,-64.82
3.1,-64.79
3.1,-65.09
3.1,-67.95
3.1,-66.14
3.1,-65.46
3.1,-68.24
3.1,-68.19
3.1,-67.50
3.1,-68.71
3.1,-67.99
3.1,-68.11
3.1,-68.20
3.1,-67.71
3.1,-67.82
3.1,-67.42
3.1,-68.01
3.1,-67.94
3.1,-67.66
3.1,-68.02
3.1,-68.34
3.1,-68.32
3.1,-68.06
3.1,-68.34
3.1,-68.27
3.1,-68.25
3.1,-68.03
3.1,-68.29
3.1,-68.22
3.1,-67.96
3.1,-67.72
3.1,-67.73
3.1,-67.51
3.1,-67.86
3.1,-67.86
3.1,-67.69
3.1,-67.70
3.1,-67.49
3.1,-67.78
3.1,-67.70
3.1,-67.54
3.1,-67.56
3.1,-67.36
3.1,-67.39
3.1,-67.67
3.1,-67.69
3.1,-67.53
3.1,-67.84
3.1,-67.85
3.1,-67.65
3.1,-67.91
3.1,-68.16
3.1,-68.12
3.1,-67.95
3.1,-67.87
3.1,-67.83
3.1,-67.67
3.1,-67.61
3.1,-67.46
3.1,-67.32
3.1,-67.55
3.1,-67.53
3.1,-67.38
3.1,-67.25
3.1,-67.48
3.1,-67.50
3.1,-67.32
3.1,-67.35
3.1,-67.17
3.1,-67.20
3.1,-67.24
3.1,-67.63
3.1,-67.68
3.1,-67.54
3.1,-67.35
3.1,-67.90
3.1,-67.91
3.1,-67.75
3.1,-68.16
3.1,-68.15
3.1,-67.99
3.1,-68.35
3.1,-68.33
3.1,-68.36
3.1,-68.19
3.1,-68.62
3.1,-68.63
3.1,-68.45
3.1,-68.75
3.1,-69.00
3.1,-68.80
3.1,-69.05
3.1,-68.97
3.1,-68.97
3.1,-68.77
3.3,-68.50
3.3,-68.44
3.3,-68.18
3.3,-67.93
3.3,-67.70
3.3,-67.47
3.3,-67.25
3.3,-67.37
3.3,-64.91
3.3,-63.99
3.3,-63.51
3.3,-63.22
3.3,-63.02
3.3,-63.73
3.3,-63.51
3.3,-63.34
3.3,-63.71
3.3,-63.65
3.3,-63.50
3.3,-63.87
3.3,-63.73
3.3,-63.60
3.3,-63.91
3.3,-63.78
3.3,-63.67
3.3,-63.50
3.3,-63.71
3.3,-63.55
3.3,-63.47
3.3,-63.39
3.3,-63.74
3.3,-63.65
3.3,-64.12
3.3,-64.02
3.3,-64.21
3.3,-64.06
3.3,-63.91
3.3,-63.82
3.3,-64.06
3.3,-63.88
3.3,-64.20
3.3,-64.06
3.3,-64.28
3.3,-64.13
3.3,-64.04
3.3,-64.30
3.3,-64.20
3.3,-64.40
3.3,-64.26
3.3,-64.42
3.3,-64.61
3.3,-64.50
3.3,-64.40
3.3,-64.59
3.3,-64.44
3.3,-64.30
3.3,-64.24
3.3,-64.52
3.3,-64.42
3.3,-64.32
3.3,-64.51
3.3,-64.41
3.3,-64.31
3.3,-64.50
3.3,-64.68
3.3,-64.57
3.3,-64.75
3.3,-64.93
3.3,-64.81
3.3,-64.69
3.3,-64.87
3.3,-64.75
3.3,-64.92
3.3,-64.77
3.3,-64.65
3.3,-64.87
3.3,-64.75
3.3,-64.64
3.3,-64.82
3.3,-64.66
3.3,-64.56
3.3,-64.46
3.3,-64.68
3.3,-64.57
3.3,-64.75
3.3,-64.92
3.3,-64.76
3.3,-64.65
3.3,-64.82
3.3,-64.71
3.3,-64.60
3.3,-64.50
3.3,-64.68
3.3,-64.57
3.3,-64.47
3.3,-64.37
3.3,-64.28
3.3,-64.18
3.3,-64.38
3.3,-64.28
3.5,-64.27
3.5,-64.06
3.5,-64.18
3.5,-64.17
3.5,-64.00
3.5,-64.08
3.5,-64.04
3.5,-63.88
3.5,-63.72
3.5,-63.69
3.5,-63.83
3.5,-63.79
3.5,-63.64
3.5,-63.78
3.5,-63.75
3.5,-63.60
3.5,-63.65
3.5,-63.59
3.5,-63.44
3.5,-63.54
3.5,-63.52
3.5,-63.38
3.5,-63.53
3.5,-63.63
3.5,-63.44
3.5,-63.54
3.5,-63.52
3.5,-63.50
3.5,-63.36
3.5,-63.47
3.5,-63.45
3.5,-63.31
3.5,-63.14
3.5,-63.25
3.5,-63.24
3.5,-63.11
3.5,-63.23
3.5,-63.34
3.5,-63.32
3.5,-63.19
3.5,-63.30
3.5,-63.25
3.5,-63.12
3.5,-63.00
3.5,-63.16
3.5,-63.11
3.5,-62.99
3.5,-62.83
3.5,-62.95
3.5,-62.96
3.5,-62.80
3.5,-62.97
3.5,-63.09
3.5,-63.04
3.5,-62.92
3.5,-63.05
3.5,-63.04
3.5,-63.00
3.5,-62.88
3.5,-63.05
3.5,-63.00
3.5,-62.84
3.5,-62.73
3.5,-62.86
3.5,-62.83
3.5,-62.71
3.5,-62.85
3.5,-62.89
3.5,-62.86
3.5,-62.74
3.5,-62.87
3.5,-62.72
3.5,-62.89
3.5,-62.77
3.5,-62.62
3.5,-62.76
3.5,-62.73
3.5,-62.62
3.5,-62.75
3.5,-62.72
3.5,-62.57
3.5,-62.71
3.5,-62.72
3.5,-62.61
3.5,-62.51
3.5,-62.65
3.5,-62.66
3.5,-62.56
3.5,-62.73
3.5,-62.86
3.5,-62.71
3.5,-62.84
3.5,-62.97
3.5,-62.97
3.5,-63.09
3.5,-63.09
3.5,-63.04
3.5,-62.92
3.5,-63.08
3.5,-63.08
3.7,-63.32
3.7,-63.42
3.7,-63.97
3.7,-64.13
3.7,-64.16
3.7,-64.60
3.7,-67.88
3.7,-66.56
3.7,-67.01
3.7,-66.77
3.7,-66.42
3.7,-67.50
3.7,-67.58
3.7,-67.25
3.7,-67.00
3.7,-67.82
3.7,-68.60
3.7,-68.46
3.7,-68.25
3.7,-68.78
3.7,-68.65
3.7,-68.53
3.7,-68.96
3.7,-68.71
3.7,-68.60
3.7,-68.45
3.7,-68.37
3.7,-68.18
3.7,-68.11
3.7,-68.11
3.7,-67.95
3.7,-68.36
3.7,-68.29
3.7,-68.08
3.7,-68.51
3.7,-68.39
3.7,-68.75
3.7,-68.62
3.7,-68.54
3.7,-68.52
3.7,-68.36
3.7,-68.70
3.7,-68.54
3.7,-68.34
3.7,-68.67
3.7,-68.56
3.7,-68.40
3.7,-68.34
3.7,-68.20
3.7,-68.19
3.7,-68.06
3.7,-67.93
3.7,-67.89
3.7,-67.86
3.7,-67.78
3.7,-68.04
3.7,-67.99
3.7,-67.87
3.7,-67.75
3.7,-67.64
3.7,-67.65
3.7,-67.55
3.7,-67.85
3.7,-67.82
3.7,-67.70
3.7,-67.71
3.7,-67.60
3.7,-67.58
3.7,-67.47
3.7,-67.82
3.7,-67.79
3.7,-67.75
3.7,-67.72
3.7,-67.61
3.7,-67.91
3.7,-67.87
3.7,-68.16
3.7,-68.15
3.7,-68.03
3.7,-68.35
3.7,-68.69
3.7,-68.59
3.7,-68.44
3.7,-68.75
3.7,-67.61
3.7,-67.33
3.7,-67.23
3.7,-66.69
3.7,-66.36
3.7,-66.63
3.7,-66.40
3.7,-74.64
3.7,-71.13
3.7,-69.20
3.7,-70.84
3.7,-70.28
3.7,-69.74
3.7,-69.07
3.7,-68.81
3.7,-68.49
3.9,-68.34
3.9,-68.21
3.9,-67.22
3.9,-67.29
3.9,-66.57
3.9,-66.60
3.9,-66.63
3.9,-66.65
3.9,-66.10
3.9,-66.22
3.9,-66.26
3.9,-66.31
3.9,-65.84
3.9,-65.96
3.9,-66.01
3.9,-65.60
3.9,-65.26
3.9,-67.34
3.9,-66.73
3.9,-63.97
3.9,-64.94
3.9,-65.54
3.9,-65.94
3.9,-64.81
3.9,-65.34
3.9,-65.53
3.9,-65.68
3.9,-65.05
3.9,-65.31
3.9,-64.71
3.9,-64.26
3.9,-64.54
3.9,-64.78
3.9,-64.33
3.9,-64.50
3.9,-64.65
3.9,-64.32
3.9,-64.47
3.9,-64.61
3.9,-64.25
3.9,-64.45
3.9,-64.58
3.9,-64.71
3.9,-64.37
3.9,-64.55
3.9,-64.67
3.9,-64.35
3.9,-64.33
3.9,-64.46
3.9,-64.16
3.9,-64.34
3.9,-64.50
3.9,-64.61
3.9,-64.32
3.9,-64.48
3.9,-64.59
3.9,-64.69
3.9,-64.36
3.9,-64.52
3.9,-64.67
3.9,-64.39
3.9,-64.54
3.9,-64.56
3.9,-64.33
3.9,-64.48
3.9,-64.58
3.9,-64.31
3.9,-64.46
3.9,-64.61
3.9,-64.71
3.9,-64.43
3.9,-64.58
3.9,-64.55
3.9,-64.29
3.9,-64.44
3.9,-64.54
3.9,-64.28
3.9,-64.43
3.9,-64.53
3.9,-64.31
3.9,-64.46
3.9,-64.60
3.9,-64.70
3.9,-64.47
3.9,-64.61
3.9,-64.71
3.9,-64.44
3.9,-64.58
3.9,-65.12
3.9,-64.87
3.9,-65.00
3.9,-64.76
3.9,-64.85
3.9,-64.57
3.9,-64.31
3.9,-64.46
3.9,-64.56
3.9,-64.34
3.9,-64.44
3.9,-64.55
4.1,-64.52
4.1,-64.74
4.1,-64.75
4.1,-64.76
4.1,-64.97
4.1,-65.17
4.1,-65.17
4.1,-65.12
4.1,-65.32
4.1,-65.31
4.1,-65.17
4.1,-64.80
4.1,-64.85
4.1,-64.88
4.1,-65.72
4.1,-65.62
4.1,-65.54
4.1,-66.04
4.1,-66.45
4.1,-66.31
4.1,-66.20
4.1,-66.59
4.1,-66.55
4.1,-66.43
4.1,-66.33
4.1,-66.58
4.1,-66.48
4.1,-66.39
4.1,-66.24
4.1,-66.46
4.1,-66.38
4.1,-66.25
4.1,-66.18
4.1,-66.07
4.1,-66.27
4.1,-66.26
4.1,-66.15
4.1,-66.33
4.1,-66.27
4.1,-66.16
4.1,-66.11
4.1,-66.01
4.1,-66.19
4.1,-66.14
4.1,-66.04
4.1,-66.00
4.1,-66.00
4.1,-65.91
4.1,-66.09
4.1,-66.04
4.1,-65.95
4.1,-66.13
4.1,-66.08
4.1,-66.03
4.1,-66.16
4.1,-66.07
4.1,-66.23
4.1,-66.18
4.1,-66.13
4.1,-66.29
4.1,-66.20
4.1,-66.11
4.1,-66.02
4.1,-66.02
4.1,-65.94
4.1,-65.90
4.1,-65.86
4.1,-65.83
4.1,-65.79
4.1,-65.76
4.1,-65.73
4.1,-65.90
4.1,-65.91
4.1,-65.83
4.1,-66.00
4.1,-66.20
4.1,-66.15
4.1,-66.06
4.1,-66.06
4.1,-66.02
4.1,-66.18
4.1,-66.13
4.1,-66.05
4.1,-66.00
4.1,-66.16
4.1,-66.12
4.1,-66.03
4.1,-65.99
4.1,-65.95
4.1,-65.87
4.1,-66.04
4.1,-66.04
4.1,-66.00
4.1,-65.92
4.1,-66.12
4.1,-66.07
4.1,-65.99
4.1,-66.15
4.1,-66.31
4.1,-66.49
4.3,-66.31
4.3,-66.18
4.3,-66.01
4.3,-65.85
4.3,-66.26
4.3,-66.09
4.3,-65.93
4.3,-65.81
4.3,-66.14
4.3,-65.97
4.3,-65.85
4.3,-66.22
4.3,-66.05
4.3,-65.93
4.3,-66.29
4.3,-66.12
4.3,-65.99
4.3,-66.39
4.3,-66.26
4.3,-66.13
4.3,-66.00
4.3,-66.40
4.3,-66.27
4.3,-66.14
4.3,-66.01
4.3,-66.41
4.3,-66.23
4.3,-66.10
4.3,-66.50
4.3,-66.84
4.3,-66.65
4.3,-66.50
4.3,-66.32
4.3,-66.19
4.3,-66.06
4.3,-66.46
4.3,-66.32
4.3,-66.23
4.3,-66.54
4.3,-66.36
4.3,-66.22
4.3,-66.57
4.3,-66.91
4.3,-66.71
4.3,-66.56
4.3,-66.90
4.3,-66.71
4.3,-66.52
4.3,-66.38
4.3,-66.72
4.3,-66.53
4.3,-66.35
4.3,-66.22
4.3,-66.57
4.3,-66.43
4.3,-66.29
4.3,-66.60
4.3,-66.45
4.3,-66.32
4.3,-66.18
4.3,-66.54
4.3,-66.35
4.3,-66.22
4.3,-66.05
4.3,-66.45
4.3,-66.27
4.3,-66.14
4.3,-66.45
4.3,-66.80
4.3,-66.64
4.3,-66.50
4.3,-66.84
4.3,-66.65
4.3,-66.50
4.3,-66.84
4.3,-66.65
4.3,-66.50
4.3,-66.80
4.3,-66.65
4.3,-67.02
4.3,-67.34
4.3,-67.17
4.3,-67.00
4.3,-66.80
4.3,-66.65
4.3,-66.50
4.3,-66.88
4.3,-66.69
4.3,-66.54
4.3,-66.40
4.3,-66.74
4.3,-66.59
4.3,-66.45
4.3,-66.79
4.3,-66.60
4.3,-66.46
4.3,-66.84
4.3,-67.20
4.3,-67.00
4.3,-66.84
4.5,-66.60
4.5,-66.46
4.5,-66.04
4.5,-65.84
4.5,-65.73
4.5,-65.30
4.5,-56.31
4.5,-58.47
4.5,-62.54
4.5,-59.54
4.5,-59.68
4.5,-60.72
4.5,-59.61
4.5,-59.84
4.5,-60.29
4.5,-60.63
4.5,-60.10
4.5,-60.20
4.5,-60.46
4.5,-59.98
4.5,-59.65
4.5,-59.76
4.5,-60.00
4.5,-59.65
4.5,-59.74
4.5,-60.01
4.5,-59.76
4.5,-59.84
4.5,-60.02
4.5,-59.79
4.5,-59.86
4.5,-60.03
4.5,-59.82
4.5,-59.88
4.5,-60.03
4.5,-59.84
4.5,-59.89
4.5,-60.04
4.5,-60.18
4.5,-60.31
4.5,-60.11
4.5,-60.11
4.5,-60.24
4.5,-60.05
4.5,-60.09
4.5,-60.13
4.5,-60.25
4.5,-60.03
4.5,-60.03
4.5,-60.03
4.5,-60.15
4.5,-59.98
4.5,-59.98
4.5,-60.10
4.5,-60.22
4.5,-60.05
4.5,-60.17
4.5,-60.29
4.5,-60.11
4.5,-60.15
4.5,-60.27
4.5,-60.09
4.5,-60.13
4.5,-60.12
4.5,-60.24
4.5,-60.23
4.5,-60.34
4.5,-60.45
4.5,-60.27
4.5,-60.30
4.5,-60.41
4.5,-60.23
4.5,-60.06
4.5,-60.06
4.5,-60.18
4.5,-60.17
4.5,-60.20
4.5,-60.03
4.5,-60.03
4.5,-60.15
4.5,-59.98
4.5,-59.99
4.5,-60.11
4.5,-60.18
4.5,-60.01
4.5,-60.01
4.5,-60.17
4.5,-59.97
4.5,-59.81
4.5,-59.82
4.5,-60.38
4.5,-60.13
4.5,-60.12
4.5,-60.12
4.5,-60.23
4.5,-60.06
4.5,-60.10
4.5,-60.22
4.5,-60.05
4.5,-60.09
4.7,-60.36
4.7,-60.51
4.7,-60.69
4.7,-60.74
4.7,-60.99
4.7,-61.11
4.7,-61.15
4.7,-61.32
4.7,-63.93
4.7,-63.95
4.7,-63.48
4.7,-64.17
4.7,-63.81
4.7,-64.41
4.7,-64.36
4.7,-64.32
4.7,-64.08
4.7,-64.35
4.7,-64.32
4.7,-64.13
4.7,-63.97
4.7,-64.26
4.7,-64.24
4.7,-64.09
4.7,-64.34
4.7,-64.57
4.7,-64.54
4.7,-64.39
4.7,-64.54
4.7,-64.51
4.7,-64.43
4.7,-64.30
4.7,-64.44
4.7,-64.32
4.7,-64.50
4.7,-64.47
4.7,-64.36
4.7,-64.48
4.7,-64.50
4.7,-64.53
4.7,-64.41
4.7,-64.53
4.7,-64.50
4.7,-64.39
4.7,-64.29
4.7,-64.41
4.7,-64.39
4.7,-64.29
4.7,-64.40
4.7,-64.43
4.7,-64.28
4.7,-64.40
4.7,-64.38
4.7,-64.36
4.7,-64.27
4.7,-64.38
4.7,-64.36
4.7,-64.27
4.7,-64.38
4.7,-64.36
4.7,-64.31
4.7,-64.42
4.7,-64.40
4.7,-64.26
4.7,-64.37
4.7,-64.36
4.7,-64.26
4.7,-64.13
4.7,-64.25
4.7,-64.24
4.7,-64.15
4.7,-64.30
4.7,-64.29
4.7,-64.20
4.7,-64.31
4.7,-64.30
4.7,-64.29
4.7,-64.19
4.7,-64.31
4.7,-64.29
4.7,-64.20
4.7,-64.19
4.7,-64.31
4.7,-64.29
4.7,-64.24
4.7,-64.35
4.7,-64.46
4.7,-64.44
4.7,-64.34
4.7,-64.45
4.7,-64.55
4.7,-64.53
4.7,-64.39
4.7,-64.49
4.7,-64.47
4.7,-64.37
4.7,-64.32
4.7,-64.43
4.7,-64.37
4.7,-64.27
4.9,-64.42
4.9,-64.89
4.9,-64.77
4.9,-64.66
4.9,-64.79
4.9,-65.20
4.9,-62.70
4.9,-64.68
4.9,-65.72
4.9,-68.20
4.9,-66.99
4.9,-67.16
4.9,-67.28
4.9,-68.63
4.9,-67.88
4.9,-67.89
4.9,-68.66
4.9,-69.30
4.9,-63.25
4.9,-65.43
4.9,-68.77
4.9,-67.14
4.9,-66.52
4.9,-68.08
4.9,-67.36
4.9,-67.44
4.9,-67.39
4.9,-68.07
4.9,-67.50
4.9,-67.54
4.9,-68.15
4.9,-68.68
4.9,-68.19
4.9,-68.18
4.9,-68.70
4.9,-68.34
4.9,-68.32
4.9,-68.30
4.9,-67.93
4.9,-67.94
4.9,-67.89
4.9,-68.27
4.9,-67.94
4.9,-67.94
4.9,-68.39
4.9,-68.82
4.9,-68.49
4.9,-68.46
4.9,-68.82
4.9,-68.50
4.9,-68.48
4.9,-68.87
4.9,-68.56
4.9,-68.53
4.9,-68.91
4.9,-68.60
4.9,-69.01
4.9,-68.71
4.9,-68.42
4.9,-68.74
4.9,-68.46
4.9,-68.44
4.9,-68.38
4.9,-68.70
4.9,-68.42
4.9,-68.40
4.9,-68.76
4.9,-69.02
4.9,-68.73
4.9,-68.70
4.9,-69.04
4.9,-68.75
4.9,-68.72
4.9,-69.10
4.9,-68.81
4.9,-68.78
4.9,-69.07
4.9,-68.78
4.9,-68.75
4.9,-69.04
4.9,-68.76
4.9,-68.73
4.9,-69.02
4.9,-68.74
4.9,-68.99
4.9,-68.71
4.9,-68.44
4.9,-68.74
4.9,-68.47
4.9,-68.45
4.9,-68.44
4.9,-68.74
4.9,-68.47
4.9,-68.45
4.9,-68.75
4.9,-69.08
4.9,-68.80
4.9,-68.77
4.9,-69.10
4.9,-68.81
